0 0.0 0.0 1.0 1.0 
1 0.09983341664682815 0.15643446504023087 0.9800665778412416 0.995020782057563 
2 0.19866933079506122 0.3090169943749474 0.9210609940028851 0.9803300732314021 
3 0.2955202066613396 0.4539904997395468 0.8253356149096782 0.9566507680585954 
4 0.3894183423086505 0.5877852522924731 0.6967067093471654 0.9251300429004277 
5 0.479425538604203 0.7071067811865476 0.5403023058681398 0.8872600507176526 
6 0.5646424733950354 0.8090169943749475 0.3623577544766736 0.8447799718383342 
7 0.644217687237691 0.8910065241883678 0.16996714290024104 0.7995698475762932 
8 0.7173560908995227 0.9510565162951535 -0.029199522301288593 0.7535464525892832 
9 0.7833269096274833 0.9876883405951377 -0.2272020946930869 0.7085698609495447 
10 0.8414709848078964 1.0 -0.4161468365471422 0.6663667453928807 
11 0.8912073600614353 0.9876883405951378 -0.5885011172553455 0.6284733626561385 
12 0.9320390859672263 0.9510565162951536 -0.7373937155412454 0.5961981685894844 
13 0.963558185417193 0.8910065241883679 -0.8568887533689473 0.5706015261572004 
14 0.9854497299884603 0.8090169943749475 -0.9422223406686583 0.5524883111032229 
15 0.9974949866040544 0.7071067811865472 -0.9899924966004455 0.5424085045303605 
16 0.9995736030415051 0.5877852522924728 -0.998294775794753 0.540661057408491 
17 0.9916648104524686 0.45399049973954647 -0.9667981925794609 0.5472972760642629 
18 0.973847630878195 0.3090169943749467 -0.8967584163341465 0.5621214988334147 
19 0.9463000876874142 0.15643446504023012 -0.790967711914416 0.5846886672113211 
20 0.9092974268256815 -7.657137397853899e-16 -0.6536436208636113 0.6143002821164824 
21 0.8632093666488735 -0.15643446504023162 -0.49026082134069865 0.6500019176316162 
22 0.8084964038195899 -0.3090169943749481 -0.3073328699784185 0.6905866885609114 
23 0.7457052121767197 -0.45399049973954786 -0.1121525269350531 0.7346096056562657 
24 0.6754631805511503 -0.5877852522924741 0.08749898343944816 0.7804174271142631 
25 0.5984721441039558 -0.7071067811865483 0.28366218546322797 0.8261973435978912 
26 0.5155013718214634 -0.8090169943749483 0.46851667130037866 0.8700456698296658 
27 0.42737988023382895 -0.8910065241883686 0.634692875942636 0.9100548798188576 
28 0.33498815015590383 -0.9510565162951541 0.7755658785102513 0.9444142054297431 
29 0.23924932921398112 -0.987688340595138 0.8855195169413201 0.971516137575009 
30 0.1411200080598659 -1.0 0.9601702866503667 0.9900590857598656 
31 0.04158066243328916 -0.9876883405951373 0.9965420970232177 0.9991356488016785 
32 -0.05837414342758142 -0.9510565162951529 0.9931849187581923 0.9982967134401437 
33 -0.15774569414324996 -0.8910065241883668 0.9502325919585285 0.9875839265461052 
34 -0.25554110202683294 -0.809016994374946 0.8693974903498235 0.967526663531621 
35 -0.3507832276896215 -0.7071067811865458 0.7539022543433023 0.9391038576903074 
36 -0.44252044329485407 -0.5877852522924711 0.6083513145322517 0.9036752343111261 
37 -0.5298361409084948 -0.45399049973954464 0.43854732757438714 0.8628898951653062 
38 -0.6118578909427207 -0.3090169943749443 0.2512598425822514 0.8185822785790744 
39 -0.6877661591839753 -0.1564344650402276 0.053955420562645316 0.7726660122778155 
40 -0.7568024953079294 2.419605899270905e-15 -0.14550003380861704 0.7270351311688116 
41 -0.8182771110644114 0.15643446504023326 -0.3391548609838379 0.6834798771906135 
42 -0.8715757724135886 0.3090169943749489 -0.5192886541166871 0.6436213387136468 
43 -0.9161659367494552 0.45399049973954736 -0.6787200473200137 0.608866083318336 
44 -0.9516020738895161 0.5877852522924736 -0.811093014061656 0.5803791917941864 
45 -0.977530117665097 0.7071067811865474 -0.9111302618846769 0.5590720764585736 
46 -0.9936910036334644 0.8090169943749468 -0.9748436214041636 0.5456003551273502 
47 -0.9999232575641008 0.8910065241883673 -0.9996930420352065 0.5403668808101604 
48 -0.9961646088358408 0.951056516295153 -0.9846878557941273 0.5435256943561411 
49 -0.9824526126243328 0.9876883405951372 -0.9304262721047546 0.5549839851425163 
50 -0.958924274663139 1.0 -0.8390715290764544 0.5744008791939336 
51 -0.9258146823277331 0.9876883405951382 -0.7142656520272027 0.6011837705107506 
52 -0.8834546557201545 0.9510565162951548 -0.5609842574272332 0.6344847099351739 
53 -0.8322674422239027 0.89100652418837 -0.38533819077183457 0.6732008098891342 
54 -0.7727644875559894 0.8090169943749508 -0.19432990645534176 0.7159834715822804 
55 -0.7055403255703945 0.7071067811865521 0.00442569798804368 0.7612612913536214 
56 -0.6312666378723244 0.5877852522924777 0.20300486381874344 0.807280627260934 
57 -0.5506855425976414 0.45399049973955263 0.3934908663478827 0.8521659973970046 
58 -0.4646021794137613 0.3090169943749545 0.5682896297679663 0.8939998866951248 
59 -0.37387666483024096 0.1564344650402391 0.7204324789908313 0.9309184815441175 
60 -0.27941549819893097 9.249178236745458e-15 0.8438539587324864 0.9612168045072775 
61 -0.18216250427210112 -0.15643446504022085 0.9336336440746335 0.983454240437914 
62 -0.0830894028175026 -0.3090169943749386 0.9861923022788616 0.9965500610764574 
63 0.016813900484343496 -0.45399049973953776 0.9994345855010052 0.9998586497053611 
64 0.11654920485048659 -0.5877852522924641 0.9728325656974386 0.9932158261678673 
65 0.21511998808780858 -0.707106781186539 0.9074467814502022 0.9769507880241296 
66 0.3115413635133711 -0.8090169943749399 0.8058839576404592 0.9518622325427183 
67 0.40484992061659103 -0.8910065241883625 0.67219308355348 0.9191615209073117 
68 0.4941133511386012 -0.9510565162951496 0.5117039924531628 0.8803895501617388 
69 0.5784397643881929 -0.9876883405951355 0.3308148779490637 0.8373166779155662 
70 0.6569865987187824 -1.0 0.1367372182078512 0.7918362090144827 
71 0.7289690401258698 -0.9876883405951401 -0.06279172292406403 0.7458615220432423 
72 0.7936678638491472 -0.9510565162951581 -0.25981735621373697 0.7012351079167579 
73 0.8504366206285593 -0.8910065241883749 -0.4464848914122481 0.6596550584638962 
74 0.8987080958116223 -0.8090169943749571 -0.6153524829547039 0.6226214325660249 
75 0.9379999767747351 -0.7071067811865598 -0.7596879128588074 0.5914019793078248 
76 0.9679196720314837 -0.5877852522924879 -0.8737369830110698 0.5670143395017098 
77 0.9881682338769986 -0.45399049973956385 -0.9529529168871733 0.5502203432630296 
78 0.9985433453746043 -0.30901699437496477 -0.9941776251838127 0.5415274648186781 
79 0.9989413418397726 -0.15643446504024977 -0.9957676088732909 0.541192833052606 
80 0.9893582466233836 -2.0029783953061696e-14 -0.9576594803233918 0.5492262700512246 
81 0.9698898108450894 0.1564344650402102 -0.8813724903622464 0.5653904211879864 
82 0.9407305566797773 0.3090169943749267 -0.7699479605420876 0.5891979007302384 
83 0.9021718337562995 0.45399049973952815 -0.6278280352464081 0.619907247759948 
84 0.8545989080882879 0.5877852522924555 -0.46067858741138773 0.6565211092374753 
85 0.7984871126234988 0.7071067811865315 -0.27516333805162424 0.6977911905867062 
86 0.734397097874123 0.8090169943749336 -0.07867819473186848 0.7422349169751677 
87 0.662969230082194 0.8910065241883567 0.12094359992844593 0.7881682667591102 
88 0.5849171928917747 0.9510565162951458 0.31574375491921297 0.8337578090626109 
89 0.5010208564578985 0.9876883405951339 0.4979562027883877 0.8770926800328404 
90 0.41211848524177114 1.0 0.6603167082440561 0.9162743174606249 
91 0.3190983623493673 0.9876883405951419 0.7963524702919038 0.9495186572580381 
92 0.22288991410026324 0.951056516295162 0.9006401723847546 0.9752627101921685 
93 0.12445442350707933 0.8910065241883807 0.9690221929390411 0.9922655391640963 
94 0.024775425453375525 0.8090169943749634 0.9987723565872084 0.9996931048455262 
95 -0.07515112046179159 0.7071067811865673 0.9887046181866745 0.9971774833136886 
96 -0.17432678122296213 0.5877852522924966 0.939220346696883 0.9848435286129361 
97 -0.27176062641092535 0.45399049973957345 0.8522923238654829 0.9632997884457422 
98 -0.36647912925191023 0.3090169943749767 0.7313860956455234 0.9335947653655835 
